0 0 0
4 0 4
8 0 8
12 0 12
16 0 16
20 0 20
24 0 24
28 0 28
32 0 32
36 0 36
40 0 40
44 0 44
48 0 48
52 0 52
56 0 56
60 0 60
64 0 64
68 0 68
72 0 72
76 0 76
80 0 80
84 0 84
88 0 88
92 0 92
96 0 96
100 0 100
104 0 104
108 0 108
112 0 112
116 0 116
120 0 120
124 0 124
128 0 128
132 0 132
136 0 136
140 0 140
144 0 144
148 0 148
152 0 152
156 0 156
160 0 160
164 0 164
169 0 169
173 0 173
177 0 177
181 0 181
185 0 185
189 0 189
193 0 193
197 0 197
201 0 201
205 0 205
209 0 209
213 0 213
217 0 217
221 0 221
225 0 225
229 0 229
233 0 233
237 0 237
241 0 241
245 0 245
249 0 249
253 0 253
255 0 255
255 0 251
255 0 247
255 0 243
255 0 239
255 0 235
255 0 231
255 0 227
255 0 223
255 0 219
255 0 215
255 0 211
255 0 207
255 0 203
255 0 199
255 0 195
255 0 191
255 0 187
255 0 183
255 0 179
255 0 175
255 0 171
255 0 167
255 0 162
255 0 158
255 0 154
255 0 150
255 0 146
255 0 142
255 0 138
255 0 134
255 0 130
255 0 126
255 0 122
255 0 118
255 0 114
255 0 110
255 0 106
255 0 102
255 0 98
255 0 94
255 0 90
255 1 86
255 1 82
255 1 78
255 1 74
255 1 70
255 1 66
255 1 62
255 1 58
255 1 54
255 1 50
255 1 46
255 1 42
255 1 38
255 1 34
255 1 30
255 1 26
255 1 22
255 1 18
255 1 14
255 1 10
255 1 6
255 1 2
255 3 0
255 7 0
255 11 0
255 15 0
255 19 0
255 23 0
255 27 0
255 31 0
255 35 0
255 39 0
255 43 0
255 47 0
255 51 0
255 55 0
255 59 0
255 63 0
255 67 0
255 71 0
255 75 0
255 79 0
255 83 0
255 87 0
255 91 0
255 95 0
255 99 0
255 103 0
255 107 0
255 111 0
255 115 0
255 119 0
255 123 0
255 127 0
255 131 0
255 135 0
255 139 0
255 143 0
255 147 0
255 151 0
255 155 0
255 159 0
255 163 0
255 167 0
255 171 0
255 175 0
255 179 0
255 183 0
255 187 0
255 191 0
255 195 0
255 199 0
255 203 0
255 207 0
255 211 0
255 215 0
255 219 0
255 223 0
255 227 0
255 231 0
255 235 0
255 239 0
255 243 0
255 247 0
255 251 0
255 255 0
255 255 3
255 255 7
255 255 11
255 255 15
255 255 19
255 255 23
255 255 27
255 255 31
255 255 35
255 255 39
255 255 43
255 255 47
255 255 51
255 255 55
255 255 59
255 255 63
255 255 67
255 255 71
255 255 75
255 255 79
255 255 83
255 255 87
255 255 91
255 255 95
255 255 99
255 255 103
255 255 107
255 255 111
255 255 115
255 255 119
255 255 123
255 255 127
255 255 131
255 255 135
255 255 139
255 255 143
255 255 147
255 255 151
255 255 155
255 255 159
255 255 163
255 255 168
255 255 172
255 255 176
255 255 180
255 255 184
255 255 188
255 255 192
255 255 196
255 255 200
255 255 204
255 255 208
255 255 212
255 255 216
255 255 220
255 255 224
255 255 228
255 255 232
255 255 236
255 255 240
255 255 244
255 255 248
255 255 252
255 255 255